4.63 0.00 0.00 0.00 6.47 7.83 0.00 0.00 4.00 3.74 4.06 4.95 6.06 6.85 7.93 8.00 2.16 3.70 6.62 8.53 0.00 4.21 0.00 0.00 0.00 0.00 2.30 5.09 6.13 6.47 5.69 0.00 23845854
4.61 0.00 0.00 0.00 6.50 7.83 0.00 0.00 3.94 3.74 4.14 5.04 5.64 6.86 7.93 7.54 2.16 4.04 6.60 8.54 0.00 4.22 0.00 0.00 0.00 0.00 2.28 5.08 6.15 6.48 5.70 0.00 23858944
0.00 4.12 0.00 0.00 6.59 7.83 0.00 0.00 4.38 3.75 4.12 5.01 5.54 6.84 7.93 8.01 2.16 3.92 6.61 8.55 0.00 4.06 0.00 0.00 0.00 0.00 2.27 5.07 6.14 6.47 5.69 0.00 23872034
0.00 4.13 0.00 0.00 6.59 7.83 0.00 0.00 4.07 3.77 4.11 4.99 5.65 6.84 7.92 7.51 2.17 4.13 6.67 8.52 0.00 4.07 0.00 0.00 0.00 0.00 2.27 5.08 6.16 6.46 5.71 0.00 23885124
0.00 4.13 0.00 0.00 6.58 7.83 0.00 0.00 4.05 3.79 4.11 5.00 5.55 6.84 7.91 7.50 2.16 3.89 7.24 8.54 0.00 4.07 0.00 4.88 0.00 0.00 2.26 5.07 6.17 6.48 5.70 0.00 23898214
4.57 0.00 0.00 0.00 6.44 7.83 3.72 6.29 4.06 3.76 4.11 5.61 6.15 6.91 7.88 7.52 2.16 0.00 6.35 8.67 0.00 4.02 0.00 4.86 0.00 0.00 2.26 5.09 6.17 6.47 5.72 0.00 23911304
4.58 3.73 0.00 2.34 6.74 7.75 3.89 5.67 3.85 3.84 4.22 5.09 6.20 7.09 7.91 7.52 2.17 3.67 6.38 8.86 0.00 3.79 0.00 4.68 0.00 0.00 2.27 5.29 0.00 6.46 5.74 0.00 23924394
4.57 4.14 0.00 2.38 6.65 7.85 3.62 6.23 3.89 3.84 4.30 4.98 5.62 7.00 7.96 7.40 2.20 3.68 6.13 9.61 0.00 3.76 0.00 0.00 0.00 0.00 2.25 5.25 6.21 6.53 5.85 5.99 23937484
0.00 3.60 4.98 0.00 6.47 7.84 3.69 6.31 3.88 3.84 4.35 4.85 5.41 6.76 7.92 7.48 2.20 3.64 6.24 8.57 0.00 4.20 0.00 0.00 0.00 2.01 2.34 0.00 6.22 6.58 5.77 5.54 23950574
4.65 0.00 0.00 0.00 6.48 7.74 3.71 6.20 3.88 4.00 4.11 5.07 5.61 6.84 7.83 7.50 2.21 3.54 6.79 8.56 0.00 4.28 0.00 0.00 0.00 2.02 2.29 0.00 6.20 6.52 5.75 5.42 23963664
4.64 3.57 0.00 0.00 6.71 8.37 0.00 0.00 3.92 3.73 3.95 5.28 5.54 7.04 7.92 7.57 2.20 3.63 6.58 8.50 0.00 4.07 9.75 0.00 0.00 2.10 2.25 0.00 6.13 6.50 5.74 5.42 23976754
4.57 4.13 0.00 0.00 6.40 7.70 3.66 0.00 4.00 3.73 4.07 4.75 5.44 7.09 7.86 7.53 2.19 3.80 6.96 8.55 0.00 3.94 0.00 3.94 0.00 2.09 2.36 5.26 6.10 6.55 5.82 5.52 23989844
4.50 0.00 0.00 0.00 6.54 7.78 3.65 0.00 4.23 3.91 4.12 5.26 5.50 6.66 7.95 7.46 2.17 3.68 6.50 8.83 0.00 3.72 0.00 0.00 0.00 2.61 2.33 5.25 6.15 6.53 5.83 5.44 24002934
4.51 4.16 0.00 0.00 6.69 7.76 3.73 6.58 3.98 4.00 3.97 5.02 5.40 6.70 7.87 7.48 2.16 3.58 0.00 8.89 0.00 3.61 0.00 4.09 0.00 0.00 2.31 5.61 6.18 6.44 6.08 5.58 24016024
4.74 0.00 0.00 0.00 6.31 8.01 4.39 6.01 3.97 3.77 4.40 4.81 5.45 6.82 7.90 7.51 2.16 0.00 6.65 8.62 0.00 3.81 0.00 0.00 0.00 0.00 2.34 5.35 6.17 6.53 5.74 5.68 24029114
4.55 4.23 0.00 0.00 6.28 7.80 3.62 0.00 3.99 3.95 3.91 5.73 5.49 6.71 7.89 7.61 2.19 3.59 6.89 8.66 0.00 3.87 0.00 4.38 0.00 0.00 2.31 5.35 6.22 6.63 5.80 5.48 24042204
4.58 3.64 0.00 0.00 6.44 7.82 0.00 0.00 3.97 4.00 4.07 4.71 5.45 6.80 7.87 7.49 2.20 0.00 6.52 8.68 0.00 4.30 0.00 0.00 0.00 0.00 2.30 5.17 6.16 6.45 5.78 5.45 24055294
4.64 4.14 0.00 0.00 6.67 7.76 0.00 6.41 3.95 3.84 4.12 5.01 5.35 6.76 7.92 7.58 2.18 3.65 6.49 9.03 0.00 3.69 0.00 4.70 0.00 0.00 2.34 5.39 6.29 6.52 5.77 5.62 24068384
4.57 4.21 0.00 2.46 6.26 7.77 0.00 0.00 3.93 3.98 3.83 4.70 5.36 6.76 0.00 7.60 2.18 3.60 6.49 8.74 0.00 4.25 0.00 5.32 0.00 2.47 2.36 5.18 6.32 6.49 5.84 5.37 24081474
4.54 4.18 0.00 2.74 6.34 7.82 0.00 6.27 4.30 3.87 3.96 4.65 5.45 6.78 8.12 7.62 2.19 3.69 6.52 8.69 0.00 3.61 0.00 5.20 0.00 0.00 2.33 5.77 6.23 6.47 5.85 5.80 24094564
4.60 4.16 0.00 0.00 6.49 7.94 0.00 0.00 3.84 3.95 4.15 4.83 5.89 6.84 8.52 7.49 2.18 4.14 6.62 8.72 0.00 3.76 0.00 4.59 0.00 2.71 2.90 5.63 6.20 6.42 5.73 0.00 24107654
4.49 3.61 0.00 0.00 6.41 7.71 3.68 6.33 3.96 3.87 3.92 4.81 5.50 6.82 7.87 7.55 2.19 3.69 6.60 8.75 0.00 3.77 0.00 4.68 0.00 2.10 2.35 5.22 6.24 6.45 5.71 5.64 24120744
4.68 4.16 0.00 0.00 6.30 7.75 0.00 0.00 3.69 3.75 4.15 4.67 5.37 6.73 7.90 7.56 2.16 3.70 6.16 8.77 0.00 3.80 0.00 4.12 0.00 0.00 2.37 0.00 6.17 6.49 5.72 5.56 24133834
4.74 0.00 0.00 0.00 6.46 7.75 3.68 6.51 4.19 3.87 3.86 5.30 5.33 7.13 8.54 7.52 2.19 0.00 6.60 8.67 0.00 4.21 0.00 3.73 0.00 0.00 2.49 5.04 6.15 6.44 5.75 5.55 24146924
4.73 0.00 0.00 0.00 6.26 7.96 3.70 0.00 3.87 3.57 3.95 4.76 5.58 6.98 7.87 7.61 2.16 3.73 6.56 8.73 0.00 3.72 0.00 3.81 0.00 0.00 2.38 5.18 6.18 6.50 5.71 0.00 24160014
4.64 0.00 0.00 0.00 6.52 7.84 3.70 0.00 4.07 3.64 3.82 4.59 5.33 7.06 8.03 7.55 2.16 3.60 6.52 8.65 0.00 3.57 0.00 3.55 0.00 0.00 2.33 5.42 6.17 6.54 5.72 5.75 24173104
4.67 3.62 0.00 0.00 6.11 7.75 0.00 6.48 3.93 3.76 4.15 4.33 0.00 6.93 7.94 7.65 2.19 3.63 6.62 9.16 0.00 4.14 0.00 3.87 0.00 0.00 2.38 0.00 6.20 6.47 0.00 5.65 24186194
4.74 3.69 0.00 0.00 6.32 7.79 3.70 6.51 3.80 3.65 3.82 4.58 5.38 7.16 8.10 7.68 2.14 3.61 6.67 8.86 0.00 3.72 0.00 4.16 0.00 2.09 2.37 5.58 6.00 6.50 5.71 5.56 24199284
4.69 0.00 0.00 0.00 6.38 7.79 3.99 6.09 3.92 3.70 3.82 4.52 5.42 5.42 7.90 7.60 2.18 3.58 6.64 8.70 4.49 3.69 0.00 5.24 0.00 2.08 2.39 5.67 6.18 6.63 5.73 5.63 24212374
4.80 0.00 5.04 0.00 6.12 7.81 0.00 0.00 3.89 3.56 4.28 4.49 5.35 6.78 7.90 7.61 2.22 3.64 6.62 8.60 0.00 3.66 0.00 3.83 0.00 2.03 2.36 0.00 6.23 6.43 5.92 5.43 24225464
4.70 4.20 0.00 0.00 6.22 7.69 3.63 6.06 3.79 3.81 3.78 4.40 5.31 7.08 7.92 7.75 2.14 3.75 6.73 9.05 0.00 0.00 0.00 3.88 0.00 2.02 2.51 5.91 6.35 6.48 5.88 5.40 24238554
4.70 3.83 0.00 0.00 5.89 7.85 2.27 0.00 3.81 3.66 3.78 4.22 5.45 6.76 8.01 7.77 2.19 3.59 6.65 8.79 0.00 3.61 4.99 0.00 0.00 0.00 2.38 5.70 6.33 6.59 5.81 5.63 24251644
4.59 0.00 0.00 0.00 6.27 7.87 3.76 6.43 3.44 3.40 3.80 4.24 5.31 6.67 8.16 8.04 2.23 4.08 6.45 8.76 3.93 3.64 0.00 4.43 0.00 2.09 2.39 5.43 6.40 6.54 5.70 5.59 24264734
4.74 4.13 0.00 0.00 6.15 7.84 3.52 6.01 3.55 3.53 3.78 4.21 5.20 6.83 8.08 8.33 2.06 3.77 0.00 8.95 3.92 3.52 0.00 3.58 0.00 2.36 2.39 5.50 6.41 6.51 5.80 5.62 24277824
5.19 0.00 0.00 0.00 6.22 7.20 3.71 6.03 3.44 3.34 3.77 4.16 5.30 6.43 7.96 8.53 2.06 3.79 6.26 9.03 3.95 3.52 3.01 3.03 0.00 2.67 2.41 5.75 6.36 6.50 5.82 5.69 24290914
4.73 0.00 0.00 0.00 6.37 6.80 3.58 5.89 3.62 3.33 3.76 4.14 5.23 6.88 8.31 0.00 2.06 3.70 6.25 8.72 4.02 3.60 0.00 3.60 0.00 2.05 2.40 0.00 5.86 6.46 5.77 6.17 24304004
4.58 3.97 4.76 0.00 5.95 7.82 3.48 6.42 3.36 3.35 3.73 3.85 0.00 6.10 8.24 8.41 2.48 3.53 6.75 8.63 3.77 3.63 3.17 4.58 0.00 2.09 2.39 0.00 5.36 6.26 5.81 5.83 24317094
4.74 3.61 4.77 0.00 5.97 4.98 3.86 6.02 3.30 3.23 3.79 3.93 5.33 4.04 8.60 8.33 2.16 3.83 6.68 8.77 3.66 3.95 4.10 3.93 0.00 2.16 2.45 5.81 6.36 6.33 5.92 5.76 24330184
4.74 3.64 5.16 0.00 6.00 7.66 3.58 5.96 3.37 3.17 3.72 3.73 5.40 3.26 8.97 0.00 2.14 3.61 6.79 8.88 3.64 3.60 3.64 5.15 0.00 2.00 2.46 0.00 3.12 2.91 5.87 5.64 24343274
4.75 3.57 4.70 2.52 5.64 5.64 3.48 6.09 2.86 3.14 3.77 3.67 5.06 7.17 8.33 8.43 2.18 3.84 6.43 8.80 3.43 3.76 0.00 3.83 0.00 2.03 2.58 0.00 6.39 6.20 5.85 5.83 24356364
4.77 3.56 4.53 3.27 6.05 5.82 3.57 4.89 3.31 2.73 3.75 3.73 4.97 6.27 8.35 0.00 2.37 3.70 0.00 8.79 3.55 3.58 2.87 3.03 0.00 2.11 2.58 0.00 6.20 6.32 0.00 5.85 24369454
4.99 3.66 0.00 0.00 5.77 6.87 2.65 6.05 3.38 3.21 3.82 3.70 5.56 7.07 7.78 0.00 2.12 3.61 7.36 9.58 3.32 3.68 0.00 3.27 0.00 2.28 2.53 0.00 5.94 6.21 6.03 5.75 24382544
4.80 3.48 0.00 0.00 6.24 5.78 3.42 6.17 3.36 2.92 3.82 3.79 5.04 6.25 8.40 7.89 2.19 3.72 6.41 8.78 3.24 0.00 0.00 3.94 0.00 2.16 2.53 0.00 6.02 6.36 6.28 0.00 24395634
4.83 3.23 0.00 0.00 6.06 6.94 3.03 0.00 3.44 2.78 3.72 3.78 5.41 7.35 8.40 8.09 2.13 3.69 0.00 9.09 3.17 4.41 4.03 3.74 0.00 2.36 2.68 0.00 6.55 6.25 5.29 5.82 24408724
5.00 0.00 5.39 0.00 5.57 6.78 3.65 3.28 3.40 3.00 3.72 3.74 5.57 7.31 8.39 8.02 3.03 3.73 6.46 8.72 3.15 3.77 5.66 4.34 0.00 2.03 2.63 0.00 6.53 6.46 5.98 5.71 24421814
5.01 0.00 0.00 2.56 5.87 6.44 3.52 6.10 3.30 3.16 3.84 4.11 5.24 7.24 8.39 8.34 2.05 3.61 6.61 0.00 3.05 3.71 5.38 3.67 0.00 2.12 2.64 0.00 6.67 6.37 5.91 5.85 24434904
4.86 4.17 0.00 0.00 5.42 6.51 3.95 0.00 3.31 3.18 3.69 3.69 5.87 7.47 8.41 0.00 2.15 3.75 6.28 8.88 3.08 3.64 0.00 4.19 0.00 2.50 2.61 0.00 6.58 6.28 6.03 5.81 24447994
4.78 0.00 0.00 0.00 5.29 6.38 3.61 6.18 3.28 3.12 3.75 3.77 5.61 7.39 8.39 8.32 2.26 3.53 6.58 8.80 3.11 3.77 9.74 4.49 0.00 2.08 2.61 0.00 6.55 6.27 6.09 5.69 24461084
4.78 0.00 5.25 2.67 5.53 6.43 3.91 6.54 3.23 3.11 3.76 3.75 5.45 7.18 9.14 8.34 2.10 3.48 6.63 8.78 3.07 3.80 9.79 4.33 0.00 2.22 2.71 0.00 6.63 6.47 5.94 5.65 24474174
4.88 0.00 5.19 0.00 5.23 6.11 3.69 6.08 3.39 3.12 3.75 3.76 5.39 7.16 8.36 8.10 2.06 3.54 6.55 9.01 3.02 3.78 0.00 4.89 0.00 0.00 3.40 0.00 6.56 6.35 6.01 5.98 24487264
4.78 0.00 0.00 2.66 5.13 6.28 3.68 6.43 3.29 3.11 3.78 3.73 5.38 7.41 8.39 8.39 2.14 3.37 6.42 8.55 2.93 4.15 0.00 4.33 0.00 2.26 2.69 0.00 6.57 6.50 5.96 6.14 24500354
4.95 4.27 0.00 2.82 5.22 6.29 3.27 0.00 3.32 3.12 3.79 3.75 5.59 7.48 8.31 8.34 2.08 3.51 7.01 8.67 2.95 3.89 9.79 4.64 0.00 2.19 2.62 0.00 6.66 6.34 5.98 5.93 24513444
4.79 3.51 0.00 2.58 4.92 6.07 3.71 6.56 3.25 3.09 3.79 3.77 5.75 7.38 8.35 8.58 2.09 3.54 6.72 8.82 3.07 3.72 0.00 4.14 0.00 2.05 2.73 0.00 5.80 6.30 6.03 6.22 24526534
4.85 3.52 0.00 0.00 5.01 6.01 3.79 5.88 3.30 3.04 3.74 3.79 5.64 7.39 8.27 8.28 2.04 3.65 6.17 8.82 3.04 3.75 5.51 0.00 0.00 2.14 2.60 0.00 6.58 6.28 6.01 5.91 24539624
4.87 0.00 0.00 2.31 4.88 5.89 3.58 0.00 3.24 3.09 3.75 3.84 6.08 7.28 8.35 0.00 2.01 3.75 6.13 9.11 2.99 4.03 9.85 0.00 0.00 2.16 2.65 0.00 6.57 6.26 6.10 5.81 24552714
4.88 3.93 0.00 2.29 5.02 5.57 3.64 6.29 3.25 3.12 3.86 3.84 5.50 7.33 8.27 8.60 2.03 3.46 6.36 9.07 2.95 0.00 0.00 4.17 0.00 2.05 2.61 0.00 6.59 6.27 6.11 6.00 24565804
4.75 4.07 0.00 0.00 5.19 5.87 3.71 6.17 3.24 3.06 3.86 3.88 5.56 7.37 8.30 8.53 2.03 3.62 6.53 8.60 2.90 0.00 9.92 5.17 0.00 2.16 2.64 0.00 6.65 6.25 6.07 5.89 24578894
4.82 0.00 0.00 2.26 4.86 5.90 3.67 6.09 3.22 3.06 3.74 3.82 5.57 7.26 8.38 8.01 0.00 3.69 6.00 8.88 2.96 3.80 0.00 3.97 0.00 2.01 2.62 0.00 6.56 6.26 6.08 5.97 24591984
4.91 3.57 0.00 0.00 4.71 5.80 0.00 0.00 3.16 3.13 3.77 3.93 5.72 7.24 8.34 0.00 2.01 3.75 6.17 8.77 3.02 0.00 0.00 4.58 0.00 2.11 2.63 0.00 6.58 6.28 6.23 5.91 24605074
4.96 0.00 0.00 0.00 4.74 5.64 3.66 0.00 3.13 3.10 3.77 3.96 5.52 7.18 8.44 8.66 2.12 3.42 6.61 9.30 3.04 3.85 0.00 0.00 0.00 2.37 2.63 0.00 6.53 6.58 6.11 5.82 24618164
4.98 0.00 0.00 0.00 5.00 5.73 0.00 0.00 3.09 3.12 3.80 3.90 5.61 7.08 8.39 8.43 2.07 3.56 6.51 8.90 3.01 4.47 0.00 3.68 0.00 2.10 2.66 0.00 6.70 6.23 6.14 5.80 24631254
4.93 0.00 0.00 0.00 4.75 5.61 3.68 0.00 3.15 3.16 3.84 3.85 5.50 7.23 8.41 8.45 2.04 3.53 6.54 8.88 3.00 3.81 0.00 4.64 0.00 2.05 2.66 0.00 6.60 6.20 6.22 6.50 24644344
5.24 0.00 0.00 0.00 4.79 5.66 3.67 0.00 3.16 3.07 3.83 3.92 5.77 7.25 8.48 8.27 2.03 3.54 6.52 8.92 2.96 3.80 0.00 3.86 0.00 0.00 2.78 0.00 6.58 6.31 6.20 5.94 24657434
5.47 4.22 0.00 0.00 4.51 5.60 3.68 6.49 3.17 3.10 3.83 3.89 5.66 7.13 8.38 0.00 2.09 3.66 6.43 8.95 2.95 3.77 0.00 4.22 0.00 0.00 2.70 0.00 6.52 6.24 6.16 6.14 24670524
4.91 0.00 0.00 0.00 4.85 5.55 0.00 6.58 3.31 3.11 3.81 3.87 5.71 7.10 8.33 8.74 0.00 3.36 6.75 8.73 2.95 3.83 0.00 4.63 0.00 2.70 2.68 0.00 6.59 6.33 6.20 5.75 24683614
4.79 0.00 0.00 0.00 4.60 5.47 0.00 0.00 3.17 3.12 3.84 3.95 5.84 7.30 8.32 0.00 0.00 3.48 6.77 8.83 2.99 0.00 0.00 0.00 0.00 2.14 2.72 0.00 6.51 6.38 6.24 6.24 24696704
4.81 0.00 0.00 0.00 4.60 5.50 0.00 6.34 3.15 3.12 3.84 3.88 5.61 7.12 8.37 0.00 0.00 3.65 6.57 8.75 2.91 3.77 0.00 0.00 0.00 2.15 2.66 0.00 6.54 6.33 6.21 6.05 24709794
4.88 0.00 0.00 0.00 4.54 5.60 0.00 0.00 3.18 3.06 4.02 4.03 5.46 7.37 8.37 8.23 0.00 3.54 7.10 8.89 3.13 3.80 0.00 5.12 0.00 2.42 2.65 0.00 6.55 6.25 6.26 5.98 24722884
4.88 0.00 0.00 0.00 4.72 5.87 0.00 0.00 3.27 3.03 3.85 3.98 5.91 7.09 8.34 0.00 0.00 3.55 6.52 8.86 2.92 4.55 0.00 3.54 0.00 2.29 2.67 0.00 6.64 6.28 6.19 5.79 24735974
4.91 4.28 0.00 0.00 4.56 5.82 3.69 6.55 3.23 3.01 3.99 4.01 5.50 7.11 8.49 0.00 0.00 3.58 6.96 8.84 2.95 4.34 0.00 4.00 0.00 2.11 2.67 0.00 6.52 6.36 6.20 5.73 24749064
5.05 3.50 0.00 0.00 4.40 5.55 0.00 0.00 3.23 3.01 3.95 4.60 5.59 7.07 8.44 0.00 2.01 3.53 7.06 8.92 2.97 3.77 0.00 5.12 0.00 2.11 2.65 0.00 6.48 6.33 6.20 5.73 24762154
4.84 0.00 0.00 0.00 4.46 5.41 3.69 6.34 3.16 3.03 3.86 3.95 5.66 7.07 9.07 0.00 2.97 3.83 6.79 8.95 2.96 4.05 0.00 4.34 0.00 2.09 2.65 0.00 6.47 6.32 6.19 5.71 24775244
4.84 0.00 0.00 0.00 4.32 5.54 0.00 6.44 3.23 3.05 3.86 3.95 6.12 7.23 8.36 0.00 2.99 3.39 0.00 8.99 3.10 3.83 0.00 5.02 0.00 2.12 2.66 0.00 6.47 6.35 6.18 5.72 24788334
4.72 0.00 0.00 0.00 4.37 5.54 0.00 6.37 3.27 3.03 3.88 3.93 5.78 7.22 8.51 0.00 2.41 3.50 0.00 8.63 2.91 0.00 0.00 4.99 0.00 2.09 2.65 0.00 6.48 6.24 6.20 5.67 24801424
5.26 0.00 0.00 0.00 4.50 5.54 0.00 0.00 3.28 3.02 3.97 3.93 6.45 7.11 8.37 0.00 2.81 3.50 0.00 8.75 2.95 3.81 0.00 5.10 0.00 2.08 2.65 0.00 6.49 6.26 6.22 5.69 24814514
0.00 4.20 0.00 0.00 4.35 5.57 0.00 6.50 3.15 3.02 0.00 3.97 5.49 7.10 8.39 0.00 2.60 3.48 6.27 8.93 2.93 4.06 0.00 4.99 0.00 2.07 2.66 0.00 6.52 6.25 6.22 5.77 24827604
4.92 0.00 0.00 0.00 4.50 5.57 0.00 6.53 3.15 3.02 4.00 3.98 5.64 7.25 8.79 0.00 2.37 3.54 6.42 8.96 2.91 0.00 0.00 5.00 0.00 2.08 2.64 0.00 6.48 6.28 6.22 6.00 24840694
4.88 4.23 0.00 0.00 4.48 5.61 0.00 6.37 3.14 2.98 3.96 3.98 5.60 7.69 8.99 0.00 2.38 3.59 6.42 8.93 2.92 0.00 9.78 5.24 0.00 2.09 2.65 0.00 6.48 6.59 6.20 5.77 24853784
4.80 0.00 0.00 0.00 4.38 5.65 0.00 6.56 3.16 2.99 3.93 4.72 5.49 7.11 9.11 0.00 2.38 3.56 6.53 8.96 2.93 3.89 0.00 5.09 0.00 2.10 2.65 0.00 6.48 6.29 6.21 0.00 24866874
4.88 0.00 0.00 0.00 4.36 5.51 0.00 6.53 3.16 3.01 3.83 3.98 5.55 7.22 9.16 0.00 2.37 3.56 0.00 8.91 2.92 3.89 0.00 4.94 0.00 2.11 2.64 0.00 6.48 6.25 6.24 0.00 24879964
5.41 0.00 0.00 0.00 4.45 5.58 3.69 6.52 3.12 2.98 3.83 3.97 5.90 7.19 8.34 0.00 2.38 3.55 7.29 8.91 2.94 3.92 0.00 4.04 0.00 2.11 2.66 0.00 6.47 6.22 6.19 0.00 24893054
0.00 0.00 0.00 0.00 4.63 5.35 0.00 6.64 3.12 3.01 3.97 3.95 5.92 7.17 0.00 0.00 2.39 3.57 6.45 8.90 2.94 3.83 0.00 4.96 0.00 2.11 2.64 0.00 6.48 6.38 6.12 0.00 24906144
4.91 0.00 0.00 0.00 4.45 5.39 0.00 6.58 3.21 3.06 3.95 3.95 5.78 7.17 8.35 0.00 2.32 3.79 7.51 9.34 2.95 3.81 0.00 4.94 0.00 2.10 2.64 0.00 6.48 6.40 6.11 0.00 24919234
0.00 0.00 0.00 0.00 4.36 5.40 0.00 0.00 3.20 3.06 3.98 3.96 5.72 7.21 0.00 0.00 2.38 3.37 7.35 8.66 2.92 4.02 0.00 5.08 0.00 2.11 2.65 0.00 6.47 6.93 6.12 0.00 24932324
0.00 0.00 0.00 0.00 4.43 5.74 0.00 0.00 3.19 3.05 4.00 3.97 5.66 7.08 8.36 0.00 2.38 3.38 7.34 8.96 2.91 0.00 0.00 0.00 0.00 2.10 2.65 0.00 6.49 6.98 6.14 0.00 24945414
4.83 0.00 0.00 0.00 0.00 5.40 0.00 6.20 3.19 3.00 3.99 0.00 5.74 7.08 8.35 0.00 2.38 3.40 7.23 8.66 2.91 3.87 0.00 4.98 0.00 2.10 2.65 0.00 6.62 6.27 6.13 5.80 24958504
4.84 0.00 0.00 0.00 4.83 5.44 0.00 0.00 3.20 3.09 3.86 0.00 5.54 7.07 0.00 0.00 2.37 3.38 6.57 8.59 2.91 3.88 0.00 4.98 0.00 2.11 2.65 0.00 6.68 6.28 6.13 5.74 24971594
4.84 0.00 0.00 0.00 4.43 5.70 0.00 0.00 3.21 3.03 3.86 4.09 6.04 7.07 8.55 0.00 2.38 3.39 6.67 8.97 2.92 3.95 0.00 5.09 0.00 2.10 2.64 0.00 6.51 6.31 6.22 0.00 24984684
4.90 0.00 0.00 0.00 4.51 5.66 0.00 0.00 3.24 3.02 3.85 4.07 5.59 7.08 8.57 0.00 2.37 3.48 6.58 8.88 2.92 0.00 0.00 5.09 0.00 2.09 2.66 0.00 6.52 6.27 6.23 0.00 24997774
4.86 0.00 0.00 0.00 5.03 5.45 0.00 0.00 3.20 3.02 3.85 4.09 0.00 7.08 8.49 0.00 2.36 3.62 6.87 9.20 2.93 0.00 9.79 5.19 0.00 2.08 2.65 0.00 6.59 6.27 6.23 0.00 25010864
4.85 4.21 0.00 0.00 4.61 5.92 0.00 0.00 3.22 2.99 4.01 4.10 5.92 7.07 8.55 0.00 2.37 3.68 6.81 8.90 2.95 3.78 9.78 5.13 0.00 2.10 2.65 0.00 6.73 6.26 6.22 5.77 25023954
4.87 0.00 0.00 0.00 4.54 5.55 0.00 6.20 3.23 3.00 3.94 4.11 5.58 7.05 8.34 0.00 2.38 3.67 6.77 8.87 2.94 3.78 0.00 5.29 0.00 2.11 2.66 0.00 6.60 6.26 6.22 0.00 25037044
4.86 0.00 0.00 0.00 4.86 5.53 0.00 0.00 3.26 2.99 3.96 4.13 5.61 7.04 8.35 0.00 2.38 3.63 6.73 8.67 2.93 3.88 0.00 5.21 0.00 2.10 2.66 0.00 6.64 6.25 6.23 0.00 25050134
4.91 0.00 0.00 0.00 4.43 5.42 0.00 0.00 3.12 3.05 3.92 4.10 5.86 7.09 8.37 0.00 2.38 3.46 6.76 8.85 2.92 3.86 0.00 5.05 0.00 2.09 2.66 0.00 6.56 6.28 6.23 0.00 25063224
4.80 0.00 0.00 0.00 4.43 5.43 0.00 0.00 3.12 3.02 3.91 4.10 0.00 7.11 8.38 0.00 2.36 3.46 6.86 8.85 2.91 3.85 0.00 5.12 0.00 2.10 2.65 0.00 6.59 6.36 6.23 0.00 25076314
5.12 0.00 0.00 0.00 4.84 5.42 0.00 0.00 3.12 3.03 3.97 4.08 5.85 7.01 8.38 0.00 2.37 3.47 6.80 8.85 2.92 3.83 0.00 4.99 0.00 2.10 2.66 0.00 6.67 6.86 6.22 0.00 25089404
0.00 4.24 0.00 0.00 4.41 5.42 0.00 0.00 3.14 3.07 3.95 4.07 5.96 7.11 8.37 0.00 2.24 3.51 6.88 8.88 2.93 0.00 0.00 5.17 0.00 2.11 2.65 0.00 0.00 6.32 6.22 0.00 25102494
5.46 0.00 0.00 0.00 4.43 5.41 0.00 0.00 3.15 3.05 4.03 4.11 5.72 7.29 8.41 0.00 2.22 3.35 6.83 8.86 2.93 0.00 0.00 5.19 0.00 2.10 2.66 0.00 6.60 6.20 6.21 0.00 25115584
5.11 0.00 0.00 0.00 5.39 5.46 0.00 0.00 3.13 3.17 3.86 4.11 5.63 7.14 0.00 0.00 2.32 3.35 6.88 8.88 2.92 0.00 0.00 4.98 0.00 2.12 2.66 0.00 6.55 6.95 6.21 0.00 25128674
0.00 0.00 0.00 0.00 4.66 5.48 0.00 0.00 3.13 2.98 3.88 4.12 6.30 7.08 0.00 0.00 2.31 3.34 6.87 8.88 3.07 3.95 0.00 5.14 0.00 2.10 2.66 0.00 6.49 6.25 6.21 0.00 25141764
4.98 0.00 0.00 0.00 4.27 5.46 0.00 6.14 3.12 2.98 3.84 4.09 5.75 7.21 0.00 0.00 0.00 3.59 6.84 8.86 2.88 3.80 0.00 4.99 0.00 2.11 2.65 0.00 6.71 6.24 6.22 0.00 25154854
4.98 0.00 0.00 0.00 4.38 5.31 0.00 0.00 3.11 2.97 3.84 4.03 5.91 7.24 8.41 0.00 0.00 3.50 6.76 8.85 2.97 3.83 9.73 3.73 0.00 2.12 2.65 0.00 6.78 6.32 6.21 5.76 25167944
5.00 0.00 0.00 0.00 4.23 5.39 0.00 6.55 3.15 2.99 3.82 4.09 6.00 7.15 8.42 0.00 0.00 3.44 6.51 8.84 3.03 3.85 0.00 5.13 0.00 2.11 2.66 0.00 6.54 6.39 6.21 5.76 25181034
4.82 0.00 0.00 0.00 4.38 5.33 0.00 6.40 3.10 3.00 4.05 4.00 5.70 7.31 8.41 0.00 0.00 3.56 6.47 8.89 2.95 3.83 0.00 4.40 0.00 2.16 2.66 0.00 6.55 6.36 6.21 0.00 25194124
4.85 0.00 0.00 0.00 4.38 5.26 0.00 6.57 3.12 2.96 3.84 4.08 5.80 7.27 0.00 0.00 0.00 3.53 7.27 8.84 2.92 0.00 0.00 5.11 0.00 2.14 2.66 0.00 6.50 6.97 6.19 5.68 25207214
4.85 0.00 0.00 0.00 4.40 5.41 0.00 6.39 3.15 2.97 3.84 4.00 5.51 7.27 8.31 0.00 2.21 3.63 7.29 8.92 3.01 0.00 0.00 4.95 0.00 2.16 2.65 0.00 6.55 6.29 6.19 5.73 25220304
4.74 0.00 0.00 0.00 4.37 5.42 0.00 6.42 3.10 3.01 3.98 4.06 5.50 7.02 0.00 0.00 2.22 3.43 6.93 8.89 2.96 0.00 0.00 5.09 0.00 2.14 2.66 0.00 6.50 6.25 6.19 5.70 25233394
4.81 0.00 0.00 0.00 4.49 5.54 0.00 6.43 3.17 3.01 3.90 4.00 5.56 7.37 8.31 0.00 2.20 3.43 6.92 8.86 3.06 3.82 0.00 4.64 0.00 2.13 2.66 0.00 6.57 6.24 6.21 5.71 25246484
4.79 0.00 0.00 0.00 4.91 5.52 0.00 0.00 3.14 3.01 3.85 3.92 5.58 7.27 8.31 0.00 3.20 3.61 6.82 8.88 2.95 3.91 0.00 4.74 0.00 2.13 2.66 0.00 6.50 6.28 6.22 5.73 25259574
0.00 0.00 0.00 0.00 4.41 5.51 0.00 6.38 3.03 2.99 3.90 3.92 5.58 7.31 8.32 0.00 3.19 3.53 7.27 8.81 2.92 0.00 0.00 4.95 0.00 2.14 2.67 0.00 6.55 6.27 6.21 5.70 25272664
4.80 0.00 0.00 0.00 4.68 5.51 0.00 6.37 3.03 2.99 0.00 3.94 5.61 7.24 8.57 0.00 3.19 3.51 7.22 8.74 2.94 0.00 0.00 4.98 0.00 2.16 2.66 0.00 6.59 6.37 6.21 5.69 25285754
4.80 0.00 0.00 0.00 4.48 5.60 0.00 6.39 3.03 3.00 3.92 3.96 5.58 7.13 8.63 0.00 3.20 3.50 0.00 8.80 2.92 3.87 0.00 4.98 0.00 2.14 2.65 0.00 6.50 6.29 6.20 5.70 25298844
4.82 0.00 0.00 0.00 4.41 5.55 0.00 6.38 3.03 3.06 3.92 3.95 5.51 7.12 0.00 0.00 0.00 3.51 0.00 8.85 2.93 0.00 0.00 4.92 0.00 2.15 2.66 0.00 6.57 6.28 6.20 5.72 25311934
4.83 0.00 0.00 0.00 4.45 5.53 0.00 6.38 3.02 3.01 3.93 3.95 5.51 7.11 0.00 0.00 2.29 3.48 0.00 8.84 2.91 3.85 0.00 4.92 0.00 2.14 2.66 0.00 6.53 6.28 6.14 5.70 25325024
4.99 0.00 0.00 0.00 5.13 5.52 0.00 6.36 3.03 3.02 3.93 3.92 5.53 7.06 0.00 0.00 2.31 3.45 6.74 8.88 2.91 3.88 0.00 4.93 0.00 2.13 2.65 0.00 0.00 6.29 6.13 5.67 25338114
4.94 0.00 0.00 0.00 5.13 5.47 0.00 6.41 3.04 3.01 3.86 3.91 5.67 7.17 0.00 0.00 2.33 3.46 0.00 8.87 2.92 3.88 0.00 4.53 0.00 2.14 2.66 0.00 6.51 6.27 6.13 5.68 25351204
4.86 0.00 0.00 0.00 5.13 5.48 0.00 6.37 3.02 3.01 3.86 3.93 5.91 7.16 8.37 0.00 2.35 3.49 0.00 8.89 2.92 3.89 0.00 4.57 0.00 2.15 2.66 0.00 6.53 6.25 6.20 5.70 25364294
4.84 0.00 0.00 0.00 4.56 5.49 0.00 6.34 3.02 3.03 3.91 3.93 5.85 7.07 0.00 0.00 2.35 3.51 0.00 8.85 2.91 3.86 0.00 5.13 0.00 2.16 2.65 0.00 6.48 6.27 6.19 5.69 25377384
4.97 0.00 0.00 0.00 4.53 5.46 0.00 6.40 3.01 3.04 3.83 3.92 6.03 7.14 0.00 0.00 2.35 3.51 0.00 8.88 2.90 3.87 0.00 4.56 0.00 2.14 2.66 0.00 6.49 6.26 6.19 5.68 25390474
4.97 0.00 0.00 0.00 4.54 5.45 0.00 6.35 3.04 3.03 3.84 3.92 6.08 7.28 8.36 0.00 2.34 3.51 0.00 8.91 2.91 3.87 0.00 4.56 0.00 2.14 2.66 0.00 6.48 6.24 6.19 5.69 25403564
4.96 0.00 0.00 0.00 4.54 5.45 0.00 6.35 3.04 3.03 3.83 3.93 5.73 7.15 0.00 0.00 2.33 3.55 0.00 8.89 2.91 3.88 0.00 4.54 0.00 2.15 2.65 0.00 6.49 6.25 6.15 5.70 25416654
4.96 0.00 0.00 0.00 4.54 5.45 0.00 6.32 3.04 3.02 3.83 3.93 5.70 7.30 0.00 0.00 2.35 3.51 0.00 8.88 2.90 3.82 0.00 4.55 0.00 2.16 2.65 0.00 6.49 6.27 6.13 5.69 25429744
4.97 0.00 0.00 0.00 4.53 5.45 0.00 6.34 3.04 3.02 3.82 3.92 5.61 7.26 0.00 0.00 2.32 3.51 7.14 8.89 2.91 3.77 0.00 4.53 0.00 2.14 2.66 0.00 6.48 6.27 6.13 5.69 25442834
4.97 0.00 0.00 0.00 4.53 5.45 0.00 6.37 3.03 3.02 3.82 3.92 5.58 7.26 0.00 0.00 2.33 3.53 7.12 8.89 2.92 3.82 0.00 4.52 0.00 2.13 2.67 0.00 6.48 6.26 6.13 5.69 25455924
4.97 0.00 0.00 0.00 4.53 5.45 0.00 6.37 3.04 3.01 3.84 3.96 5.58 7.25 0.00 0.00 2.35 3.53 0.00 8.86 2.91 3.86 0.00 4.55 0.00 2.13 2.66 0.00 6.50 6.28 6.13 5.70 25469014
4.97 0.00 0.00 0.00 4.53 5.45 0.00 6.38 3.02 3.01 3.81 3.95 5.55 7.26 8.39 0.00 2.34 3.51 0.00 8.86 2.91 3.84 0.00 4.52 0.00 2.13 2.66 0.00 6.50 6.57 6.12 5.69 25482104
5.02 0.00 0.00 0.00 4.53 5.44 0.00 6.39 3.02 3.02 3.82 3.95 5.55 7.24 8.37 0.00 2.34 3.51 0.00 8.85 2.93 3.87 0.00 4.50 0.00 2.14 2.66 0.00 6.49 7.01 6.11 5.69 25495194
5.00 0.00 0.00 0.00 4.52 5.44 0.00 6.40 3.01 3.02 3.83 3.95 5.60 7.25 8.36 0.00 2.36 3.52 0.00 8.83 2.91 3.87 0.00 4.50 0.00 2.13 2.67 0.00 6.48 0.00 6.13 5.69 25508284
5.00 0.00 0.00 0.00 4.52 5.44 0.00 6.41 3.03 3.01 3.84 3.94 5.57 7.25 0.00 0.00 2.34 3.52 0.00 8.82 2.92 0.00 0.00 4.53 0.00 2.14 2.67 0.00 6.49 0.00 6.12 5.68 25521374
4.98 0.00 0.00 0.00 4.53 5.45 0.00 6.40 3.02 3.01 3.83 3.94 5.72 7.23 0.00 0.00 2.34 3.52 6.78 8.85 2.91 3.93 0.00 4.53 0.00 2.15 2.67 0.00 6.48 0.00 6.12 5.69 25534464
5.05 0.00 0.00 0.00 4.51 5.46 0.00 6.41 3.01 3.02 3.83 3.94 5.58 7.23 0.00 0.00 2.36 3.53 6.77 8.86 2.92 3.90 0.00 4.54 0.00 2.15 2.67 0.00 6.48 6.28 6.12 5.70 25547554
0.00 0.00 0.00 0.00 4.53 5.43 0.00 6.41 3.03 3.02 3.81 3.95 5.57 7.22 0.00 0.00 2.35 3.52 6.75 8.85 2.91 3.89 0.00 4.42 0.00 2.15 2.68 0.00 6.49 6.28 6.13 5.69 25560644
0.00 0.00 0.00 0.00 4.57 5.45 0.00 6.42 3.02 3.02 3.84 3.95 5.57 7.22 0.00 0.00 2.36 3.52 6.76 8.84 2.91 3.88 0.00 4.54 0.00 2.15 2.67 0.00 6.48 6.28 6.11 5.69 25573734